12346074 欧阳楚旭 0 1 4 5 6 9 10 11 14 15 16 19 20 21 24 
13314032 陈子男 4 10 20 21 25 
13348108 吴泽焕 0 10 11 14 25 27 28 30 
13365048 梁泳茵 14 16 
14307092 龙有园 3 4 8 9 13 14 18 19 
14307102 毛星星 3 4 8 9 13 14 18 19 22 23 24 25 26 27 28 29 30 
14307103 梅笑寒 4 9 14 19 21 24 
14311040 邢森 14 18 19 23 26 
14314010 曹艳 0 1 4 5 9 10 11 12 13 15 16 19 20 21 24 25 26 27 28 29 30 
14324092 夏文 3 4 6 7 8 9 13 14 16 17 18 19 23 24 25 26 27 28 29 30 
14331048 陈梓麟 7 9 12 14 
14331084 何晋豪 4 9 14 19 
14331130 李伽泽 0 1 2 3 4 5 6 7 8 9 10 11 12 13 14 25 26 27 28 29 30 
14347150 张跃佳 0 1 4 14 24 25 27 28 30 
14352025 杨然 0 1 2 3 4 9 14 19 24 27 30 
14352035 许仕琳 1 3 6 8 11 13 16 18 21 23 27 29 
14352036 郑林林 1 3 6 8 11 13 16 18 21 23 27 29 
14366070 罗优 3 4 8 13 14 15 16 17 18 19 23 24 25 26 27 
14366103 虞婷 2 3 4 11 12 13 14 16 19 21 24 25 26 27 28 29 30 
14367018 黄立琼 15 16 17 18 19 28 29 30 
14367063 魏腾曲 6 9 16 17 18 19 21 22 23 24 26 27 29 30 
